100,42.819813
200,43.047867
300,43.261337
400,43.411476
500,43.561306
600,43.610104
700,43.513012
800,43.624363
900,43.717621
1000,43.831314
1100,43.804482
1200,43.803093
1300,43.788170
1400,43.772289
1500,43.725353
1600,43.870922
1700,43.879498
1800,43.862198
1900,43.866711
2000,43.890366
2100,43.865108
2200,43.883003
2300,43.945496
2400,43.821003
2500,43.873627
2600,44.041267
2700,43.830387
2800,43.961235
2900,43.946953
3000,43.964333
3100,43.987789
3200,43.964237
3300,43.945107
3400,44.008537
3500,43.974483
3600,43.920155
3700,43.972450
3800,43.931675
3900,43.901234
4000,43.906029
4100,43.954071
4200,43.953938
4300,43.993172
4400,43.963226
4500,44.028286
4600,43.987446
4700,44.059967
4800,44.037262
4900,44.040066
5000,43.935604
5100,44.064873
5200,44.015759
5300,43.936649
5400,43.968132
5500,44.007629
5600,43.965042
5700,43.838375
5800,44.016556
5900,44.020870
6000,43.948280
6100,43.922729
6200,43.963223
6300,43.997269
6400,43.995113
6500,43.984840
6600,43.976952
6700,43.983894
6800,43.995346
6900,44.009357
7000,44.007217
7100,44.007217
7200,44.007217
7300,44.037170
7400,43.904789
7500,43.958431
7600,43.992790
7700,43.863373
7800,43.912460
7900,43.929977
8000,43.991570
8100,43.977333
8200,43.955269
8300,43.955269
8400,43.907345
8500,43.938389
8600,43.906319
8700,43.946678
8800,43.981388
8900,43.966484
9000,44.004112
9100,43.956600
9200,43.842068
9300,43.920631
9400,43.930069
9500,43.959042
9600,43.924416
9700,44.000187
9800,43.994438
9900,43.908485
