0,31.596592
100,40.455883
200,41.371914
300,41.447529
400,41.652657
500,41.754063
600,41.929893
700,41.927364
800,42.136944
900,42.132076
1000,42.101543
1100,42.265190
1200,42.347031
1300,42.474014
1400,42.402519
1500,42.200119
1600,42.333729
1700,42.479050
1800,42.189999
1900,42.343925
2000,42.200264
2100,42.156391
2200,42.425293
2300,42.613136
2400,42.342934
2500,42.278370
2600,42.402412
2700,42.351051
2800,42.525944
2900,42.605835
3000,42.345413
3100,42.481216
3200,42.457054
3300,42.313671
3400,42.532936
3500,42.292168
3600,42.425243
3700,42.648026
3800,42.200802
3900,42.776260
4000,42.698647
4100,42.550743
4200,42.287464
4300,42.641281
4400,42.452641
4500,42.618900
4600,42.216618
4700,42.479347
4800,42.460258
4900,42.532204
5000,42.408497
5100,42.690216
5200,42.521324
5300,42.513706
5400,42.390556
5500,42.508144
5600,42.411510
5700,42.333019
5800,42.579937
5900,42.287186
6000,42.270958
6100,42.350574
6200,42.764286
6300,42.442753
6400,42.507401
6500,42.491093
6600,42.451096
6700,42.595192
6800,42.555210
6900,42.658375
7000,42.356422
7100,42.621513
7200,42.448849
7300,41.989990
7400,42.426205
7500,42.472790
7600,42.372814
7700,42.632236
7800,42.494995
7900,42.511299
8000,42.678837
8100,42.564419
8200,42.624832
8300,42.670685
8400,42.267155
8500,42.646969
8600,42.256176
8700,42.387768
8800,42.746464
8900,42.472118
9000,42.468884
9100,42.574863
9200,42.354183
9300,42.224606
9400,42.523083
9500,42.267826
9600,42.541935
9700,42.628716
9800,42.484997
9900,42.475082
